8.000000000000000000e+00
1.000000000000000000e+01
1.300000000000000000e+01
1.400000000000000000e+01
2.200000000000000000e+01
2.500000000000000000e+01
2.800000000000000000e+01
2.900000000000000000e+01
3.100000000000000000e+01
3.500000000000000000e+01
3.700000000000000000e+01
3.800000000000000000e+01
4.300000000000000000e+01
4.900000000000000000e+01
5.100000000000000000e+01
5.200000000000000000e+01
5.600000000000000000e+01
6.500000000000000000e+01
6.600000000000000000e+01
7.800000000000000000e+01
8.200000000000000000e+01
8.600000000000000000e+01
9.700000000000000000e+01
1.110000000000000000e+02
1.250000000000000000e+02
1.260000000000000000e+02
1.330000000000000000e+02
1.350000000000000000e+02
1.430000000000000000e+02
1.440000000000000000e+02
1.500000000000000000e+02
1.530000000000000000e+02
1.560000000000000000e+02
1.570000000000000000e+02
